waypoints:
  - x: 0.667910068135733
    y: -22.81430347235206
    yaw: 0.0
 





